0
0
0
0
0
0
0
0
0
0
0
0
0
-0.258984
-0.30441
-0.367659
-0.469775
-0.627273
-0.852131
0
0
0
0
0
-1.17315
-1.07234
-0.963168
-0.868234
-0.805586
-0.788745
-0.826696
-0.923894
0
0
0
-1.66124
-1.52108
-1.34908
-1.16936
-1.00153
-0.860635
-0.75721
-0.697247
-0.682207
-0.709016
0
0
-1.61193
-1.458
-1.27709
-1.09036
-0.914381
-0.761241
-0.638468
-0.549064
-0.491497
-0.4597
0
0
-1.28696
-1.15979
-1.01176
-0.861008
-0.72114
-0.601233
-0.505831
-0.434941
-0.384038
-0.344063
0
0
-0.850276
-0.769889
-0.67598
-0.5837
-0.503663
-0.441955
-0.400122
-0.375182
-0.359617
-0.341373
0
0
-0.43332
-0.39921
-0.360158
-0.328321
-0.311324
-0.312257
-0.329676
-0.357604
-0.38553
-0.39841
0
0
-0.135051
-0.126195
-0.122215
-0.132275
-0.161006
-0.208506
-0.270338
-0.337533
-0.396587
-0.429463
0
0
0
0.00320476
0.0124161
-0.000473845
-0.0371036
-0.0945777
-0.165467
-0.23781
-0.295109
0
0
0
0
0
0.050792
0.094657
0.108477
0.0981399
0.0740675
0.0512149
0
0
0
0
0
0
0
0
0
0
0
0
0
